,City,Lat,Lng,Max Temp,Humidity,Cloudiness,Wind Speed,Country,Date
0,Tommot,58.9564,126.2925,-1.77,91,100,7.36,RU,1643607166
1,Punta Arenas,-53.15,-70.9167,48.31,71,40,23.02,CL,1643606904
2,Rikitea,-23.1203,-134.9692,77.27,63,100,5.53,PF,1643607167
3,Bose,45.4612,8.0137,40.21,75,7,1.9,IT,1643607168
4,Provideniya,64.3833,-173.3,6.4,80,77,12.68,RU,1643606881
5,Westport,41.1415,-73.3579,24.58,68,0,1.99,US,1643607169
6,Mandalgovi,45.7625,106.2708,9.84,47,3,9.73,MN,1643607169
7,Bredasdorp,-34.5322,20.0403,74.28,88,100,8.05,ZA,1643607170
8,Paamiut,61.994,-49.6678,30.16,80,100,19.44,GL,1643607171
9,New Norfolk,-42.7826,147.0587,84.9,34,1,3.0,AU,1643607171
10,Takoradze,4.8845,-1.7554,76.17,82,33,1.19,GH,1643607172
11,Salta,-24.7859,-65.4117,68.29,89,75,3.0,AR,1643607172
12,Prince Rupert,54.3161,-130.3201,37.09,87,100,6.91,CA,1643607173
13,Alappuzha,9.49,76.3264,83.41,69,1,4.92,IN,1643607174
14,Tacuarembó,-31.7333,-55.9833,66.13,71,1,2.21,UY,1643607174
15,Tuatapere,-46.1333,167.6833,63.82,82,97,4.45,NZ,1643607175
16,Tete,-16.1564,33.5867,75.97,87,19,4.68,MZ,1643607176
17,Pahrump,36.2083,-115.9839,52.11,19,0,1.01,US,1643607090
18,Ushuaia,-54.8,-68.3,42.46,75,40,10.36,AR,1643607177
19,Umuahia,5.5263,7.4896,66.09,24,63,5.7,NG,1643607161
20,Turaif,31.6725,38.6637,39.45,65,0,20.71,SA,1643607178
21,Mataura,-46.1927,168.8643,73.87,57,92,4.94,NZ,1643606884
22,Sukhobuzimskoye,56.5,93.2728,1.04,90,71,1.95,RU,1643607179
23,Esmeraldas,-19.7625,-44.3139,70.84,95,100,1.45,BR,1643607179
24,Atuona,-9.8,-139.0333,78.12,75,9,15.41,PF,1643607180
25,Shakawe,-18.3667,21.85,65.46,97,100,7.29,BW,1643607180
26,Maturin,9.75,-63.1767,67.66,98,45,4.36,VE,1643607181
27,Oktyabr'skoye,43.0645,44.7417,23.14,100,100,6.71,RU,1643607181
28,Qaanaaq,77.484,-69.3632,-6.9,91,100,5.97,GL,1643607181
29,Clyde River,70.4692,-68.5914,-28.97,75,0,3.44,CA,1643607182
30,Sola,-13.8833,167.55,80.15,78,100,8.3,VU,1643607183
31,Vaini,-21.2,-175.2,81.28,70,100,15.46,TO,1643607184
32,Mar del Plata,-38.0023,-57.5575,62.62,65,0,11.01,AR,1643607184
33,Buin,-33.7333,-70.75,71.87,76,0,1.52,CL,1643607105
34,Karratha,-20.7377,116.8463,93.02,50,76,22.7,AU,1643607185
35,Ixtapa,20.7,-105.2,69.22,92,1,1.01,MX,1643607186
36,Humaitá,-7.5061,-63.0208,72.12,98,100,1.86,BR,1643607186
37,Arraial do Cabo,-22.9661,-42.0278,74.25,96,100,6.85,BR,1643607187
38,Saint Paul Harbor,57.79,-152.4072,18.91,86,0,8.05,US,1643607187
39,Manggar,-2.8833,108.2667,86.41,60,100,9.53,ID,1643607188
40,Airai,-8.9266,125.4092,69.17,71,93,7.58,TL,1643607189
41,Yellowknife,62.456,-114.3525,-11.58,86,75,10.36,CA,1643607189
42,Katsuura,35.1333,140.3,50.14,32,91,8.41,JP,1643607190
43,Hermanus,-34.4187,19.2345,76.89,76,100,12.8,ZA,1643607190
44,Ponta do Sol,32.6667,-17.1,64.0,77,0,10.4,PT,1643607191
45,Busselton,-33.65,115.3333,79.09,29,92,17.07,AU,1643607191
46,Thompson,55.7435,-97.8558,-5.64,84,75,4.61,CA,1643606985
47,Palmer,42.1584,-72.3287,11.57,70,100,1.01,US,1643607158
48,Khovd,48.0056,91.6419,-6.21,84,22,3.67,MN,1643607192
49,Chui,-33.6971,-53.4616,67.68,92,0,8.14,UY,1643607193
50,Camaçari,-12.6975,-38.3242,82.17,95,10,2.75,BR,1643607194
51,Constitución,-35.3333,-72.4167,58.8,66,0,7.52,CL,1643607194
52,Narsaq,60.9167,-46.05,21.96,84,100,14.56,GL,1643607195
53,Bambamarca,-6.6833,-78.5333,48.74,85,100,4.83,PE,1643607195
54,Ilulissat,69.2167,-51.1,-4.07,49,38,20.69,GL,1643607196
55,Vila Franca do Campo,37.7167,-25.4333,58.19,81,75,14.34,PT,1643607196
56,Mehamn,71.0357,27.8492,30.38,93,75,5.75,NO,1643607197
57,Makakilo City,21.3469,-158.0858,73.72,66,75,4.61,US,1643607174
58,Soyo,-6.1349,12.3689,78.85,84,99,2.42,AO,1643607198
59,Bilma,18.6853,12.9164,49.68,22,2,14.18,NE,1643607198
60,Dunedin,-45.8742,170.5036,64.26,81,42,10.74,NZ,1643607042
61,Kruisfontein,-34.0033,24.7314,75.36,69,91,5.68,ZA,1643607199
62,Codrington,-38.2667,141.9667,75.58,66,2,11.61,AU,1643607199
63,Sainte-Suzanne,-20.9061,55.6089,84.38,72,0,18.41,RE,1643607200
64,Keti Bandar,24.1447,67.4497,76.39,67,0,15.5,PK,1643607200
65,Laguna,38.421,-121.4238,53.01,83,0,3.44,US,1643607143
66,Port Alfred,-33.5906,26.891,76.19,79,100,12.44,ZA,1643607201
67,Tshikapa,-6.4167,20.8,71.74,93,100,2.53,CD,1643607202
68,Hilo,19.7297,-155.09,70.79,83,0,0.0,US,1643606676
69,San Pelayo,8.9583,-75.8363,73.22,82,47,4.21,CO,1643607203
70,Pisco,-13.7,-76.2167,69.85,83,0,10.36,PE,1643607203
71,Souillac,-20.5167,57.5167,86.36,79,75,11.5,MU,1643607204
72,Margate,51.3813,1.3862,45.75,71,63,13.0,GB,1643607205
73,Victor Harbor,-35.5667,138.6167,95.47,79,23,8.72,AU,1643607206
74,Leningradskiy,69.3833,178.4167,-15.74,93,88,5.17,RU,1643607194
75,Itarema,-2.9248,-39.9167,76.75,87,99,8.39,BR,1643607207
76,Belmonte,-15.8631,-38.8828,77.5,88,30,7.52,BR,1643607208
77,Albany,42.6001,-73.9662,8.4,66,20,2.57,US,1643607001
78,Tiksi,71.6872,128.8694,-13.59,99,100,3.53,RU,1643607209
79,Butaritari,3.0707,172.7902,82.06,77,55,18.97,KI,1643607210
80,Florø,61.5996,5.0328,33.96,60,75,11.5,NO,1643607210
81,Hasaki,35.7333,140.8333,46.8,24,25,4.72,JP,1643607211
82,Nikolskoye,59.7035,30.7861,26.49,96,100,5.06,RU,1643606953
83,Harrison,30.4091,-89.0436,51.87,85,0,3.44,US,1643607212
84,Yermakovskoye,53.2831,92.4003,4.03,80,22,2.57,RU,1643607213
85,Kaitangata,-46.2817,169.8464,63.61,77,81,4.32,NZ,1643606962
86,East London,-33.0153,27.9116,74.34,83,0,8.05,ZA,1643607214
87,Marawi,7.9986,124.2928,73.65,76,100,6.51,PH,1643607214
88,Klaksvík,62.2266,-6.589,32.92,62,99,35.68,FO,1643607215
89,Laas,46.6166,10.7002,40.46,46,68,4.9,IT,1643607215
90,Parsons,37.3403,-95.2611,36.12,61,12,7.78,US,1643607216
91,Mount Isa,-20.7333,139.5,78.57,94,75,11.5,AU,1643607216
92,Griffith,41.5284,-87.4237,28.51,68,100,0.0,US,1643607217
93,Sulangan,11.1373,123.7228,82.17,73,43,11.52,PH,1643607217
94,Cape Town,-33.9258,18.4232,69.12,82,0,1.01,ZA,1643607077
95,Acapulco de Juárez,16.8634,-99.8901,78.62,78,20,0.0,MX,1643607218
96,Doctor Juan León Mallorquín,-25.4,-55.2667,73.13,84,1,2.13,PY,1643607219
97,Whitehorse,60.7161,-135.0538,5.77,72,100,8.05,CA,1643607219
98,Tuktoyaktuk,69.4541,-133.0374,-2.2,84,100,20.71,CA,1643607219
99,Jamestown,42.097,-79.2353,10.71,100,0,4.61,US,1643607064
100,Kirakira,-10.4544,161.9205,83.77,76,60,6.29,SB,1643607220
101,Imeni Poliny Osipenko,52.4201,136.4853,3.18,90,100,5.91,RU,1643607221
102,Cherskiy,68.75,161.3,-27.94,100,75,2.48,RU,1643607218
103,George Town,5.4112,100.3354,91.33,61,20,1.01,MY,1643607001
104,Longyearbyen,78.2186,15.6401,2.71,80,98,6.31,SJ,1643607222
105,Biak,-0.9131,122.8766,87.48,56,77,9.06,ID,1643607222
106,Kapaa,22.0752,-159.319,71.92,65,20,5.75,US,1643607223
107,Kahului,20.8947,-156.47,74.84,67,20,4.61,US,1643607075
108,Likasi,-10.9814,26.7333,63.63,98,100,1.23,CD,1643607224
109,Port Macquarie,-31.4333,152.9167,80.89,71,26,8.28,AU,1643607224
110,Hobart,-42.8794,147.3294,85.26,56,20,1.01,AU,1643607002
111,La Asuncion,11.0333,-63.8628,76.73,83,54,8.05,VE,1643607225
112,Teguise,29.0605,-13.564,55.62,58,0,5.75,ES,1643607163
113,Kimbe,-5.5502,150.1429,81.59,81,98,4.29,PG,1643607226
114,Shīeli,44.1667,66.75,29.3,70,100,4.03,KZ,1643607226
115,Thinadhoo,0.5333,72.9333,82.72,70,8,11.23,MV,1643607227
116,Saint George,37.1041,-113.5841,43.79,34,0,1.99,US,1643607185
117,Kargasok,59.0556,80.8572,11.19,94,96,7.34,RU,1643607228
118,Huaihua,27.5494,109.9592,37.83,98,100,3.47,CN,1643607228
119,Mount Gambier,-37.8333,140.7667,89.51,29,2,13.8,AU,1643607229
120,Chanika,-5.4167,38.0167,71.15,93,100,2.33,TZ,1643607229
121,Shimoda,34.6667,138.95,48.56,65,90,8.5,JP,1643607230
122,Moba,33.2288,105.0179,30.67,52,98,2.55,CN,1643607231
123,Praia,14.9215,-23.5087,70.34,73,75,12.66,CV,1643606963
124,Domoni,-12.2569,44.5319,84.47,67,30,3.24,KM,1643607231
125,Conceição da Barra,-18.5933,-39.7322,76.15,85,58,7.92,BR,1643607232
126,Novikovo,51.1537,37.8879,29.93,95,100,16.58,RU,1643607233
127,Marabu,4.4148,114.0089,86.14,70,40,5.75,MY,1643607233
128,Nakhon Phanom,17.3333,104.4167,91.87,43,49,8.97,TH,1643607234
129,Emba,48.8264,58.1442,27.64,91,100,16.02,KZ,1643607234
130,Huarmey,-10.0681,-78.1522,69.64,90,97,6.64,PE,1643607235
131,Tasiilaq,65.6145,-37.6368,4.8,62,100,6.67,GL,1643607236
132,Hirara,24.8,125.2833,64.26,59,75,16.11,JP,1643607236
133,Dalvik,65.9702,-18.5286,21.13,74,95,9.71,IS,1643607237
134,Dickinson,29.4608,-95.0513,59.95,87,40,1.99,US,1643607107
135,Bluff,-46.6,168.3333,62.31,86,97,3.71,NZ,1643607238
136,Kastamonu Province,41.5,33.6667,26.53,94,99,3.91,TR,1643607239
137,Castro,-24.7911,-50.0119,62.51,99,100,5.46,BR,1643607239
138,Avarua,-21.2078,-159.775,77.05,88,20,8.05,CK,1643607126
139,Puerto Ayora,-0.7393,-90.3518,72.75,85,100,5.48,EC,1643607240
140,Lebu,-37.6167,-73.65,55.4,77,0,20.07,CL,1643607241
141,Norman Wells,65.282,-126.8329,-20.16,69,75,0.0,CA,1643607241
142,Niquelândia,-14.4739,-48.4597,67.5,97,96,0.31,BR,1643607242
143,Carnarvon,-24.8667,113.6333,91.47,46,19,23.02,AU,1643607243
144,Borzya,50.3833,116.5167,-2.38,89,40,4.97,RU,1643607243
145,Lerwick,60.1545,-1.1494,39.2,52,100,30.85,GB,1643607244
146,Alice Springs,-23.7,133.8833,76.55,94,40,9.22,AU,1643607084
147,Mitú,1.1983,-70.1733,71.47,72,98,2.26,CO,1643607086
148,Iqaluit,63.7506,-68.5145,-25.31,67,20,11.01,CA,1643607245
149,Khatanga,71.9667,102.5,-6.25,99,98,7.23,RU,1643607246
150,Nara,34.6851,135.8049,48.96,50,64,8.79,JP,1643607246
151,Colesberg,-30.72,25.0972,65.88,73,100,7.18,ZA,1643607246
152,Chokurdakh,70.6333,147.9167,-23.51,97,63,2.46,RU,1643607247
153,Port Blair,11.6667,92.75,80.64,61,40,10.36,IN,1643607247
154,Coyhaique,-45.5752,-72.0662,49.95,62,20,5.75,CL,1643607248
155,Calnali,20.9167,-98.5833,48.04,93,66,2.95,MX,1643607249
156,Saskylakh,71.9167,114.0833,-25.13,100,94,2.91,RU,1643607250
157,La Ronge,55.1001,-105.2842,8.85,92,100,4.61,CA,1643607075
158,Kurihashi,36.1333,139.7,51.39,20,0,15.73,JP,1643607250
159,Soligalich,59.0778,42.2864,13.32,95,100,8.75,RU,1643607251
160,Luebo,-5.35,21.4167,70.03,98,100,1.61,CD,1643607251
161,Pimentel,-6.8367,-79.9342,69.3,85,99,10.25,PE,1643607252
162,Bengkulu,-3.8004,102.2655,85.39,64,90,6.91,ID,1643607252
163,Tromsø,69.6496,18.957,24.82,74,75,1.99,NO,1643607253
164,Barra do Garças,-15.89,-52.2567,70.48,97,100,0.89,BR,1643607253
165,Port Elizabeth,-33.918,25.5701,71.1,94,20,4.61,ZA,1643606958
166,Faanui,-16.4833,-151.75,80.94,72,6,9.35,PF,1643607255
167,San Felipe,10.3399,-68.7425,70.14,82,73,4.16,VE,1643607255
168,Havre-St-Pierre,50.2334,-63.5986,14.0,72,100,13.8,CA,1643607256
169,Mackenzie,55.2999,-123.1698,25.02,80,100,4.61,CA,1643607193
170,Lata,40.1629,-8.3327,36.01,51,19,4.27,PT,1643607257
171,Dingle,10.9995,122.6711,84.67,69,49,9.51,PH,1643607257
172,Kenai,60.5544,-151.2583,4.03,94,20,5.75,US,1643607197
173,Tibati,6.4667,12.6333,63.72,19,90,5.26,CM,1643607258
174,Hong Kong,22.2855,114.1577,61.18,72,97,1.99,HK,1643607231
175,Miraí,-21.1953,-42.6142,72.3,97,99,3.58,BR,1643607259
176,Mizdah,31.4451,12.9801,41.13,59,0,8.34,LY,1643607259
177,Ouésso,1.6136,16.0517,67.57,38,66,2.77,CG,1643607260
178,Karasburg,-28.0167,18.75,76.59,58,51,16.82,NA,1643607260
179,Manta,-0.95,-80.7333,74.98,88,75,2.3,EC,1643607260
180,Point Pleasant,40.0832,-74.0682,24.03,72,75,0.0,US,1643607261
181,Korla,41.7597,86.1469,29.17,41,98,2.3,CN,1643607262
182,Lompoc,34.6391,-120.4579,53.19,92,28,5.23,US,1643607160
183,Rolla,37.9514,-91.7713,31.14,64,0,3.0,US,1643607216
184,Ribeira Grande,38.5167,-28.7,59.32,73,35,23.17,PT,1643607263
185,Gayny,60.3071,54.3241,0.9,99,91,3.06,RU,1643607263
186,Port-Gentil,-0.7193,8.7815,78.76,89,40,4.61,GA,1643607264
187,Malacca,2.196,102.2405,87.84,62,20,6.91,MY,1643607265
188,Linxia Chengguanzhen,35.6003,103.2064,21.36,67,97,1.92,CN,1643607265
189,Cotonou,6.3654,2.4183,69.78,68,73,2.3,BJ,1643607265
190,Lavrentiya,65.5833,-171.0,-9.6,92,13,4.16,RU,1643607266
191,Pevek,69.7008,170.3133,-20.06,100,94,2.98,RU,1643607266
192,Trincomalee,8.5711,81.2335,81.77,66,88,11.39,LK,1643607267
193,Tarazá,7.5836,-75.4007,70.7,96,90,1.61,CO,1643607267
194,Carutapera,-1.195,-46.02,73.54,96,100,4.25,BR,1643607268
195,Upata,8.0086,-62.3989,68.41,88,91,5.79,VE,1643607268
196,Poção de Pedras,-4.6667,-44.85,70.72,97,38,1.3,BR,1643607269
197,Caucayá,-0.1934,-74.7819,76.75,75,100,2.44,CO,1643607269
198,Birūr,13.6167,75.9667,81.84,40,0,5.79,IN,1643607270
199,Bambous Virieux,-20.3428,57.7575,86.22,79,75,11.5,MU,1643607270
200,Talnakh,69.4865,88.3972,-13.16,91,90,9.24,RU,1643607271
201,Umluj,25.0213,37.2685,64.45,54,100,5.79,SA,1643607271
202,Ibiapina,-3.9233,-40.8894,62.85,86,94,1.81,BR,1643607272
203,Monrovia,6.3005,-10.7969,74.97,86,10,2.98,LR,1643607272
204,Harbour Breton,47.4833,-55.7983,36.0,76,100,22.28,CA,1643607273
205,Severo-Kuril'sk,50.6789,156.125,28.56,81,98,14.2,RU,1643607274
206,Minas,-34.3759,-55.2377,70.52,91,1,7.78,UY,1643607274
207,Ancud,-41.8697,-73.8203,45.43,83,13,3.33,CL,1643607275
208,Cidreira,-30.1811,-50.2056,71.42,75,0,15.99,BR,1643607275
209,Merauke,-8.4667,140.3333,85.05,66,100,8.81,ID,1643607276
210,Lakes Entrance,-37.8811,147.981,87.57,77,15,7.76,AU,1643607276
211,Acajutla,13.5928,-89.8275,69.8,59,1,8.9,SV,1643607277
212,Belyy Yar,53.6039,91.3903,-11.31,77,75,0.0,RU,1643607278
213,Kloulklubed,7.0419,134.2556,86.5,69,96,12.97,PW,1643607278
214,Hongjiang,27.11,109.9956,38.39,99,100,2.37,CN,1643607279
215,Kaihua,23.3687,104.28,47.97,94,100,5.68,CN,1643607279
216,Mahébourg,-20.4081,57.7,86.25,79,75,11.5,MU,1643607280
217,Gorodets,56.6514,43.475,24.48,95,100,11.48,RU,1643607280
218,Birao,10.2849,22.7882,63.72,18,13,8.93,CF,1643607281
219,Bulgan,48.8125,103.5347,4.87,72,8,1.92,MN,1643607281
220,Emporia,38.4039,-96.1817,34.0,51,0,6.91,US,1643607222
221,Touros,-5.1989,-35.4608,79.7,81,16,12.06,BR,1643607206
222,Vao,-22.6667,167.4833,79.72,78,56,2.8,NC,1643607283
223,South Charleston,38.3684,-81.6996,27.41,83,20,0.0,US,1643607110
224,Statesboro,32.4488,-81.7832,45.93,61,0,4.61,US,1643607284
225,Muravlenko,63.7898,74.523,1.33,96,100,7.74,RU,1643607284
